[gd_scene format=3 uid="uid://dw0qk0mqi5s7c"]

[ext_resource type="Script" uid="uid://c48sigbag5dd1" path="res://Sandboxes/CorySandbox/scenes/samurai/scripts/samurai_character.gd" id="1_4oinx"]
[ext_resource type="ArrayMesh" uid="uid://4jc03vbu0p2p" path="res://Sandboxes/CorySandbox/scenes/samurai/resources/mesh_hair.res" id="1_cfivn"]
[ext_resource type="ArrayMesh" uid="uid://sq1tr66exqx0" path="res://Sandboxes/CorySandbox/scenes/samurai/resources/mesh_eyebrows.res" id="2_4oinx"]
[ext_resource type="ArrayMesh" uid="uid://dbff820e6t54g" path="res://Sandboxes/CorySandbox/scenes/samurai/resources/mesh_eyes_01.res" id="3_hi051"]
[ext_resource type="ArrayMesh" uid="uid://bu1g3vf8codnc" path="res://Sandboxes/CorySandbox/scenes/samurai/resources/mesh_eyes_02.res" id="4_5s8p3"]
[ext_resource type="PackedScene" uid="uid://b5dv7eraofhgq" path="res://Sandboxes/CorySandbox/blender_assets/katana_blade.glb" id="5_820np"]
[ext_resource type="ArrayMesh" uid="uid://dvcdctwnlgv4p" path="res://Sandboxes/CorySandbox/scenes/samurai/resources/mesh_eyes_03.res" id="5_qb6ww"]
[ext_resource type="PackedScene" uid="uid://dynhf4ys50ro" path="res://Sandboxes/CorySandbox/blender_assets/katana_sheeth.glb" id="6_j7rd0"]
[ext_resource type="ArrayMesh" uid="uid://c8yy0y0cope08" path="res://Sandboxes/CorySandbox/scenes/samurai/resources/mesh_beard.res" id="6_pmp6p"]
[ext_resource type="ArrayMesh" uid="uid://cmnfl0fqw700o" path="res://Sandboxes/CorySandbox/scenes/samurai/resources/mesh_mustash.res" id="7_1n8wr"]
[ext_resource type="ArrayMesh" uid="uid://bi3yhnav3b7y4" path="res://Sandboxes/CorySandbox/scenes/samurai/resources/mesh_mouth.res" id="8_3hgw3"]
[ext_resource type="ArrayMesh" uid="uid://x37kene7onab" path="res://Sandboxes/CorySandbox/scenes/samurai/resources/mesh_robe_01.res" id="9_c30gq"]
[ext_resource type="ArrayMesh" uid="uid://dksdjagtn7gt0" path="res://Sandboxes/CorySandbox/scenes/samurai/resources/mesh_robe_02.res" id="10_oohu3"]
[ext_resource type="ArrayMesh" uid="uid://cn35uj3dh4ngx" path="res://Sandboxes/CorySandbox/scenes/samurai/resources/mesh_skin.res" id="11_w5i57"]
[ext_resource type="ArrayMesh" uid="uid://dtpypai58v11r" path="res://Sandboxes/CorySandbox/scenes/samurai/resources/mesh_lips.res" id="12_xsj2r"]
[ext_resource type="ArrayMesh" uid="uid://cu1356fcixi4g" path="res://Sandboxes/CorySandbox/scenes/samurai/resources/mesh_teeth.res" id="13_g2c45"]
[ext_resource type="ArrayMesh" uid="uid://ce4jl6fl7u4rf" path="res://Sandboxes/CorySandbox/scenes/samurai/resources/mesh_belt.res" id="14_in8vy"]

[sub_resource type="Skin" id="Skin_60b2o"]
resource_name = "Skin"
bind_count = 54
bind/0/name = &"DEF_slot01"
bind/0/bone = -1
bind/0/pose = Transform3D(1, 0, -2.3841855e-07, -2.842171e-14, 1.0000001, -1.192093e-07, 2.3841856e-07, 0, 1.0000001, 1, -2.842171e-14, 2.3841856e-07)
bind/1/name = &"DEF_slot02"
bind/1/bone = -1
bind/1/pose = Transform3D(1, 0, -2.3841855e-07, -2.842171e-14, 1.0000001, -1.192093e-07, 2.3841856e-07, 0, 1.0000001, -1, 2.842171e-14, -2.3841856e-07)
bind/2/name = &"DEF_pelvis"
bind/2/bone = -1
bind/2/pose = Transform3D(1, 0, 0, 0, 1, 0, 0, 0, 1, 0, -0.7553566, 0.025288703)
bind/3/name = &"DEF_torso"
bind/3/bone = -1
bind/3/pose = Transform3D(1, 0, 0, 0, 1, 0, 0, 0, 1, 0, -0.9508102, 0.025288703)
bind/4/name = &"DEF_chest"
bind/4/bone = -1
bind/4/pose = Transform3D(1, 0, 0, 0, 1, 0, 0, 0, 1, 0, -1.1462637, 0.025288703)
bind/5/name = &"DEF_neck"
bind/5/bone = -1
bind/5/pose = Transform3D(1, 0, 0, 0, 1, 0, 0, 0, 1, 0, -1.3046429, 0.025288703)
bind/6/name = &"DEF_head"
bind/6/bone = -1
bind/6/pose = Transform3D(-1, 8.742278e-08, 0, 0, 0, 1, 8.742278e-08, 1, 0, -1.2733193e-07, 0.025288703, -1.4565074)
bind/7/name = &"DEF_jaw"
bind/7/bone = -1
bind/7/pose = Transform3D(1, 6.001545e-08, 2.0968452e-08, -1.0658138e-14, -0.3298324, 0.94403917, 6.357302e-08, -0.9440394, -0.3298325, -8.655566e-08, 0.47349936, 1.3615153)
bind/8/name = &"DEF_eye.R"
bind/8/bone = -1
bind/8/pose = Transform3D(-1, 0, 0, 0, 0, 1, 0, 1, 0, 0.032224998, -0.064872205, -1.5083555)
bind/9/name = &"DEF_eye.L"
bind/9/bone = -1
bind/9/pose = Transform3D(-1, 0, 0, 0, 0, 1, 0, 1, 0, -0.032224998, -0.064872205, -1.5083555)
bind/10/name = &"DEF_clavical.R"
bind/10/bone = -1
bind/10/pose = Transform3D(0.11248873, -0.993653, 1.4317683e-07, 0.993653, 0.11248875, 1.1930979e-08, -2.7961033e-08, 1.4092598e-07, 1, 1.2963624, -0.14675765, 0.025288519)
bind/11/name = &"DEF_arm_upper.R"
bind/11/bone = -1
bind/11/pose = Transform3D(5.884604e-09, 1.3494287e-07, -1, 0.8829341, -0.46949673, -2.8635478e-08, -0.46949673, -0.88293415, -1.1923024e-07, -0.02528888, 0.48380333, 1.2402514)
bind/12/name = &"DEF_arm_lower.R"
bind/12/bone = -1
bind/12/pose = Transform3D(-2.5169964e-08, 8.0891496e-08, -1, 0.8829341, -0.46949673, -3.0677676e-08, -0.46949673, -0.88293415, -5.692642e-08, -0.025288804, 0.20534274, 1.2402513)
bind/13/name = &"DEF_hand.R"
bind/13/bone = -1
bind/13/pose = Transform3D(-0.09180271, 0.055335827, 0.9942386, 0.85045636, -0.5150084, 0.10719022, 0.51797277, 0.8553971, 0.00021845842, 0.025829349, -0.0011230854, -1.2423933)
bind/14/name = &"DEF_middle_finger_01.R"
bind/14/bone = -1
bind/14/pose = Transform3D(0.70283073, 0.7113571, 1.4901158e-08, 0.7012548, -0.69284976, 0.16792937, 0.11945775, -0.118025914, -0.9857992, -1.2264323, 0.2109406, 0.027247876)
bind/15/name = &"DEF_middle_finger_02.R"
bind/15/bone = -1
bind/15/pose = Transform3D(0.8683094, 0.4960227, -7.823107e-08, 0.49432352, -0.86533564, 0.0826913, 0.041016724, -0.0718017, -0.99657536, -1.1350871, 0.49350345, 0.03938449)
bind/16/name = &"DEF_middle_finger_03.R"
bind/16/bone = -1
bind/16/pose = Transform3D(0.8895794, 0.45678014, 3.725289e-09, 0.45434374, -0.8848354, 0.10313836, 0.047111586, -0.0917498, -0.9946672, -1.1132125, 0.51219255, 0.054063894)
bind/17/name = &"DEF_pointer_finger_01.R"
bind/17/bone = -1
bind/17/pose = Transform3D(0.74213207, 0.6702538, 1.7881393e-07, 0.6350214, -0.70312184, 0.31994894, 0.21444698, -0.23744419, -0.9474349, -1.2097126, 0.26947185, 0.10481165)
bind/18/name = &"DEF_pointer_finger_02.R"
bind/18/bone = -1
bind/18/pose = Transform3D(0.8567124, 0.5157945, -7.450581e-09, 0.5001774, -0.8307739, 0.24420732, 0.1259607, -0.20921542, -0.9697232, -1.139134, 0.45800263, 0.14172228)
bind/19/name = &"DEF_pointer_finger_03.R"
bind/19/bone = -1
bind/19/pose = Transform3D(0.9131193, 0.40769222, 7.4505797e-09, 0.39840338, -0.89231604, 0.2122418, 0.08652929, -0.19380206, -0.9772172, -1.0758427, 0.5654557, 0.1562831)
bind/20/name = &"DEF_index_finger_01.R"
bind/20/bone = -1
bind/20/pose = Transform3D(0.70378184, 0.7104161, -8.381901e-08, 0.7098094, -0.7031811, -0.041306537, -0.029344818, 0.029070694, -0.99914664, -1.2285947, 0.21348222, -0.036699537)
bind/21/name = &"DEF_index_finger_02.R"
bind/21/bone = -1
bind/21/pose = Transform3D(0.8882421, 0.4593753, 2.9802312e-08, 0.45837963, -0.88631755, 0.06579148, 0.030223036, -0.05843877, -0.9978335, -1.1150535, 0.5455613, 0.006420924)
bind/22/name = &"DEF_index_finger_03.R"
bind/22/bone = -1
bind/22/pose = Transform3D(0.93032056, 0.3667466, -6.891785e-08, 0.36635056, -0.9293168, 0.046442077, 0.017032444, -0.04320607, -0.9989212, -1.0562474, 0.6331794, 0.0014271259)
bind/23/name = &"DEF_small_finger_01.R"
bind/23/bone = -1
bind/23/pose = Transform3D(0.61803627, 0.7861495, -9.685749e-08, 0.7754085, -0.6095923, -0.16473585, -0.12950698, 0.101812646, -0.9863378, -1.2442981, 0.07256505, -0.06086304)
bind/24/name = &"DEF_small_finger_02.R"
bind/24/bone = -1
bind/24/pose = Transform3D(0.9084991, 0.41788632, 1.1175866e-08, 0.41274568, -0.8973241, -0.15636493, -0.06534267, 0.14205742, -0.9876994, -1.085861, 0.5935345, -0.14843784)
bind/25/name = &"DEF_small_finger_03.R"
bind/25/bone = -1
bind/25/pose = Transform3D(0.9021117, 0.43150198, 2.9802308e-08, 0.42718962, -0.89309704, -0.14101881, -0.06084979, 0.12721476, -0.990007, -1.0945708, 0.5571315, -0.13724487)
bind/26/name = &"DEF_thumb_01.R"
bind/26/bone = -1
bind/26/pose = Transform3D(-0.8869862, 0.3673542, 0.2798319, 0.12277145, -0.39657182, 0.9097571, 0.44517657, 0.8412975, 0.3066532, 0.19116132, 0.36424795, -1.1725997)
bind/27/name = &"DEF_thumb_02.R"
bind/27/bone = -1
bind/27/pose = Transform3D(-0.68870294, 0.062013753, 0.72238654, 0.50222516, -0.6777964, 0.5369937, 0.5229319, 0.7326299, 0.4356555, 0.37039793, 0.36646092, -1.1129212)
bind/28/name = &"DEF_thumb_03.R"
bind/28/bone = -1
bind/28/pose = Transform3D(-0.1715939, 0.025757603, 0.9848311, 0.5979342, -0.79175574, 0.12489043, 0.78296214, 0.6102947, 0.12045907, 0.04511414, 0.3885922, -1.1510227)
bind/29/name = &"DEF_clavical.L"
bind/29/bone = -1
bind/29/pose = Transform3D(0.11248873, 0.993653, -1.4317683e-07, -0.993653, 0.11248875, 1.1930979e-08, 2.7961033e-08, 1.4092598e-07, 1, -1.2963624, -0.14675765, 0.025288519)
bind/30/name = &"DEF_arm_upper.L"
bind/30/bone = -1
bind/30/pose = Transform3D(5.884604e-09, -1.3494287e-07, 1, -0.8829341, -0.46949673, -2.8635478e-08, 0.46949673, -0.88293415, -1.1923024e-07, 0.02528888, 0.48380333, 1.2402514)
bind/31/name = &"DEF_arm_lower.L"
bind/31/bone = -1
bind/31/pose = Transform3D(-2.5169964e-08, -8.0891496e-08, 1, -0.8829341, -0.46949673, -3.0677676e-08, 0.46949673, -0.88293415, -5.692642e-08, 0.025288804, 0.20534274, 1.2402513)
bind/32/name = &"DEF_hand.L"
bind/32/bone = -1
bind/32/pose = Transform3D(-0.09180271, -0.055335827, -0.9942386, -0.85045636, -0.5150084, 0.10719022, -0.51797277, 0.8553971, 0.00021845842, -0.025829349, -0.0011230854, -1.2423933)
bind/33/name = &"DEF_middle_finger_01.L"
bind/33/bone = -1
bind/33/pose = Transform3D(0.70283073, -0.7113571, -1.4901158e-08, -0.7012548, -0.69284976, 0.16792937, -0.11945775, -0.118025914, -0.9857992, 1.2264323, 0.2109406, 0.027247876)
bind/34/name = &"DEF_middle_finger_02.L"
bind/34/bone = -1
bind/34/pose = Transform3D(0.8683094, -0.4960227, 7.823107e-08, -0.49432352, -0.86533564, 0.0826913, -0.041016724, -0.0718017, -0.99657536, 1.1350871, 0.49350345, 0.03938449)
bind/35/name = &"DEF_middle_finger_03.L"
bind/35/bone = -1
bind/35/pose = Transform3D(0.8895794, -0.45678014, -3.725289e-09, -0.45434374, -0.8848354, 0.10313836, -0.047111586, -0.0917498, -0.9946672, 1.1132125, 0.51219255, 0.054063894)
bind/36/name = &"DEF_pointer_finger_01.L"
bind/36/bone = -1
bind/36/pose = Transform3D(0.74213207, -0.6702538, -1.7881393e-07, -0.6350214, -0.70312184, 0.31994894, -0.21444698, -0.23744419, -0.9474349, 1.2097126, 0.26947185, 0.10481165)
bind/37/name = &"DEF_pointer_finger_02.L"
bind/37/bone = -1
bind/37/pose = Transform3D(0.8567124, -0.5157945, 7.450581e-09, -0.5001774, -0.8307739, 0.24420732, -0.1259607, -0.20921542, -0.9697232, 1.139134, 0.45800263, 0.14172228)
bind/38/name = &"DEF_pointer_finger_03.L"
bind/38/bone = -1
bind/38/pose = Transform3D(0.9131193, -0.40769222, -7.4505797e-09, -0.39840338, -0.89231604, 0.2122418, -0.08652929, -0.19380206, -0.9772172, 1.0758427, 0.5654557, 0.1562831)
bind/39/name = &"DEF_index_finger_01.L"
bind/39/bone = -1
bind/39/pose = Transform3D(0.70378184, -0.7104161, 8.381901e-08, -0.7098094, -0.7031811, -0.041306537, 0.029344818, 0.029070694, -0.99914664, 1.2285947, 0.21348222, -0.036699537)
bind/40/name = &"DEF_index_finger_02.L"
bind/40/bone = -1
bind/40/pose = Transform3D(0.8882421, -0.4593753, -2.9802312e-08, -0.45837963, -0.88631755, 0.06579148, -0.030223036, -0.05843877, -0.9978335, 1.1150535, 0.5455613, 0.006420924)
bind/41/name = &"DEF_index_finger_03.L"
bind/41/bone = -1
bind/41/pose = Transform3D(0.93032056, -0.3667466, 6.891785e-08, -0.36635056, -0.9293168, 0.046442077, -0.017032444, -0.04320607, -0.9989212, 1.0562474, 0.6331794, 0.0014271259)
bind/42/name = &"DEF_small_finger_01.L"
bind/42/bone = -1
bind/42/pose = Transform3D(0.61803627, -0.7861495, 9.685749e-08, -0.7754085, -0.6095923, -0.16473585, 0.12950698, 0.101812646, -0.9863378, 1.2442981, 0.07256505, -0.06086304)
bind/43/name = &"DEF_small_finger_02.L"
bind/43/bone = -1
bind/43/pose = Transform3D(0.9084991, -0.41788632, -1.1175866e-08, -0.41274568, -0.8973241, -0.15636493, 0.06534267, 0.14205742, -0.9876994, 1.085861, 0.5935345, -0.14843784)
bind/44/name = &"DEF_small_finger_03.L"
bind/44/bone = -1
bind/44/pose = Transform3D(0.9021117, -0.43150198, -2.9802308e-08, -0.42718962, -0.89309704, -0.14101881, 0.06084979, 0.12721476, -0.990007, 1.0945708, 0.5571315, -0.13724487)
bind/45/name = &"DEF_thumb_01.L"
bind/45/bone = -1
bind/45/pose = Transform3D(-0.8869862, -0.3673542, -0.2798319, -0.12277145, -0.39657182, 0.9097571, -0.44517657, 0.8412975, 0.3066532, -0.19116132, 0.36424795, -1.1725997)
bind/46/name = &"DEF_thumb_02.L"
bind/46/bone = -1
bind/46/pose = Transform3D(-0.68870294, -0.062013753, -0.72238654, -0.50222516, -0.6777964, 0.5369937, -0.5229319, 0.7326299, 0.4356555, -0.37039793, 0.36646092, -1.1129212)
bind/47/name = &"DEF_thumb_03.L"
bind/47/bone = -1
bind/47/pose = Transform3D(-0.1715939, -0.025757603, -0.9848311, -0.5979342, -0.79175574, 0.12489043, -0.78296214, 0.6102947, 0.12045907, -0.04511414, 0.3885922, -1.1510227)
bind/48/name = &"DEF_leg_upper.R"
bind/48/bone = -1
bind/48/pose = Transform3D(0.009778968, -9.576877e-05, 0.9999522, -0.009779482, -0.99995214, -1.304361e-07, 0.9999044, -0.009779014, -0.0097794365, 0.024499534, 0.8109756, -0.08082685)
bind/49/name = &"DEF_leg_lower.R"
bind/49/bone = -1
bind/49/pose = Transform3D(-4.377216e-08, -1.3969839e-07, 1, 6.0913324e-15, -1, -1.3915997e-07, 1, -9.313288e-10, 4.4703484e-08, 0.02528881, 0.41111022, -0.084607884)
bind/50/name = &"DEF_foot.R"
bind/50/bone = -1
bind/50/pose = Transform3D(1.3212626e-07, -1, 2.1654976e-06, 9.313277e-10, 2.0854309e-06, 1, -1, -1.3119494e-07, 2.841023e-13, 0.05109726, 0.025288692, 0.08460789)
bind/51/name = &"DEF_leg_upper.L"
bind/51/bone = -1
bind/51/pose = Transform3D(0.009778968, 9.576877e-05, -0.9999522, 0.009779482, -0.99995214, -1.304361e-07, -0.9999044, -0.009779014, -0.0097794365, -0.024499534, 0.8109756, -0.08082685)
bind/52/name = &"DEF_leg_lower.L"
bind/52/bone = -1
bind/52/pose = Transform3D(-4.377216e-08, 1.3969839e-07, -1, -6.0913324e-15, -1, -1.3915997e-07, -1, -9.313288e-10, 4.4703484e-08, -0.02528881, 0.41111022, -0.084607884)
bind/53/name = &"DEF_foot.L"
bind/53/bone = -1
bind/53/pose = Transform3D(1.3212626e-07, 1, -2.1654976e-06, -9.313277e-10, 2.0854309e-06, 1, 1, -1.3119494e-07, 2.841023e-13, -0.05109726, 0.025288692, 0.08460789)

[sub_resource type="Animation" id="Animation_hp0lt"]
resource_name = "ClosedHand"
length = 0.041666668
tracks/0/type = "position_3d"
tracks/0/imported = true
tracks/0/enabled = true
tracks/0/path = NodePath("m_armature_full_002/Skeleton3D:DEF_slot01")
tracks/0/interp = 0
tracks/0/loop_wrap = true
tracks/0/keys = PackedFloat32Array(0, 1, -0.7964144, -0.004585713, -0.47895283)
tracks/1/type = "rotation_3d"
tracks/1/imported = true
tracks/1/enabled = true
tracks/1/path = NodePath("m_armature_full_002/Skeleton3D:DEF_slot01")
tracks/1/interp = 0
tracks/1/loop_wrap = true
tracks/1/keys = PackedFloat32Array(0, 1, -0.11163015, -0.36823756, 0.030067937, 0.922516)
tracks/2/type = "position_3d"
tracks/2/imported = true
tracks/2/enabled = true
tracks/2/path = NodePath("m_armature_full_002/Skeleton3D:DEF_slot02")
tracks/2/interp = 0
tracks/2/loop_wrap = true
tracks/2/keys = PackedFloat32Array(0, 1, -1.4968735, 0.23047005, -0.41985738)
tracks/3/type = "rotation_3d"
tracks/3/imported = true
tracks/3/enabled = true
tracks/3/path = NodePath("m_armature_full_002/Skeleton3D:DEF_slot02")
tracks/3/interp = 0
tracks/3/loop_wrap = true
tracks/3/keys = PackedFloat32Array(0, 1, 0.05743039, 0.9601264, -0.060524505, 0.26682544)
tracks/4/type = "position_3d"
tracks/4/imported = true
tracks/4/enabled = true
tracks/4/path = NodePath("m_armature_full_002/Skeleton3D:DEF_pelvis")
tracks/4/interp = 0
tracks/4/loop_wrap = true
tracks/4/keys = PackedFloat32Array(0, 1, 1.509958e-07, 0.7553566, -0.025288701)
tracks/5/type = "rotation_3d"
tracks/5/imported = true
tracks/5/enabled = true
tracks/5/path = NodePath("m_armature_full_002/Skeleton3D:DEF_pelvis")
tracks/5/interp = 0
tracks/5/loop_wrap = true
tracks/5/keys = PackedFloat32Array(0, 1, 0, -4.371139e-08, 0, 1)
tracks/6/type = "rotation_3d"
tracks/6/imported = true
tracks/6/enabled = true
tracks/6/path = NodePath("m_armature_full_002/Skeleton3D:DEF_torso")
tracks/6/interp = 0
tracks/6/loop_wrap = true
tracks/6/keys = PackedFloat32Array(0, 1, 2.4247052e-08, 8.1460335e-08, -3.8094693e-15, 1)
tracks/7/type = "rotation_3d"
tracks/7/imported = true
tracks/7/enabled = true
tracks/7/path = NodePath("m_armature_full_002/Skeleton3D:DEF_chest")
tracks/7/interp = 0
tracks/7/loop_wrap = true
tracks/7/keys = PackedFloat32Array(0, 1, -5.408663e-08, 3.7748947e-08, 2.045408e-15, 1)
tracks/8/type = "rotation_3d"
tracks/8/imported = true
tracks/8/enabled = true
tracks/8/path = NodePath("m_armature_full_002/Skeleton3D:DEF_head")
tracks/8/interp = 0
tracks/8/loop_wrap = true
tracks/8/keys = PackedFloat32Array(0, 1, -2.247646e-08, 0.7071068, 0.7071068, 8.42937e-08)
tracks/9/type = "rotation_3d"
tracks/9/imported = true
tracks/9/enabled = true
tracks/9/path = NodePath("m_armature_full_002/Skeleton3D:DEF_jaw")
tracks/9/interp = 0
tracks/9/loop_wrap = true
tracks/9/keys = PackedFloat32Array(0, 1, 1.9947093e-09, -0.98591065, 0.16727303, 7.4434176e-08)
tracks/10/type = "rotation_3d"
tracks/10/imported = true
tracks/10/enabled = true
tracks/10/path = NodePath("m_armature_full_002/Skeleton3D:DEF_eye.R")
tracks/10/interp = 0
tracks/10/loop_wrap = true
tracks/10/keys = PackedFloat32Array(0, 1, -0.02112933, 4.3698375e-08, -0.01313246, 0.9996905)
tracks/11/type = "rotation_3d"
tracks/11/imported = true
tracks/11/enabled = true
tracks/11/path = NodePath("m_armature_full_002/Skeleton3D:DEF_eye.L")
tracks/11/interp = 0
tracks/11/loop_wrap = true
tracks/11/keys = PackedFloat32Array(0, 1, -0.021129327, 4.3698375e-08, 0.013132462, 0.9996905)
tracks/12/type = "rotation_3d"
tracks/12/imported = true
tracks/12/enabled = true
tracks/12/path = NodePath("m_armature_full_002/Skeleton3D:DEF_clavical.R")
tracks/12/interp = 0
tracks/12/loop_wrap = true
tracks/12/keys = PackedFloat32Array(0, 1, -4.3239453e-08, -5.7365842e-08, -0.6661499, 0.74581796)
tracks/13/type = "rotation_3d"
tracks/13/imported = true
tracks/13/enabled = true
tracks/13/path = NodePath("m_armature_full_002/Skeleton3D:DEF_arm_upper.R")
tracks/13/interp = 0
tracks/13/loop_wrap = true
tracks/13/keys = PackedFloat32Array(0, 1, 0.33245, 0.608915, -0.027867503, 0.7196686)
tracks/14/type = "rotation_3d"
tracks/14/imported = true
tracks/14/enabled = true
tracks/14/path = NodePath("m_armature_full_002/Skeleton3D:DEF_arm_lower.R")
tracks/14/interp = 0
tracks/14/loop_wrap = true
tracks/14/keys = PackedFloat32Array(0, 1, -0.03772359, -0.08290053, 0.45628476, 0.88516027)
tracks/15/type = "rotation_3d"
tracks/15/imported = true
tracks/15/enabled = true
tracks/15/path = NodePath("m_armature_full_002/Skeleton3D:DEF_hand.R")
tracks/15/interp = 0
tracks/15/loop_wrap = true
tracks/15/keys = PackedFloat32Array(0, 1, -0.26175672, -0.947882, -0.13959675, 0.11625805)
tracks/16/type = "position_3d"
tracks/16/imported = true
tracks/16/enabled = true
tracks/16/path = NodePath("m_armature_full_002/Skeleton3D:DEF_middle_finger_01.R")
tracks/16/interp = 0
tracks/16/loop_wrap = true
tracks/16/keys = PackedFloat32Array(0, 1, 0.008622095, 0.07679855, -4.590428e-05)
tracks/17/type = "rotation_3d"
tracks/17/imported = true
tracks/17/enabled = true
tracks/17/path = NodePath("m_armature_full_002/Skeleton3D:DEF_middle_finger_01.R")
tracks/17/interp = 0
tracks/17/loop_wrap = true
tracks/17/keys = PackedFloat32Array(0, 1, -0.06459244, -0.71646285, 0.16234866, 0.67539)
tracks/18/type = "rotation_3d"
tracks/18/imported = true
tracks/18/enabled = true
tracks/18/path = NodePath("m_armature_full_002/Skeleton3D:DEF_middle_finger_02.R")
tracks/18/interp = 0
tracks/18/loop_wrap = true
tracks/18/keys = PackedFloat32Array(0, 1, 0.17443596, -0.0022093658, 0.67690575, 0.7150985)
tracks/19/type = "rotation_3d"
tracks/19/imported = true
tracks/19/enabled = true
tracks/19/path = NodePath("m_armature_full_002/Skeleton3D:DEF_middle_finger_03.R")
tracks/19/interp = 0
tracks/19/loop_wrap = true
tracks/19/keys = PackedFloat32Array(0, 1, 0.078984864, 0.006706112, 0.4720482, 0.8780017)
tracks/20/type = "position_3d"
tracks/20/imported = true
tracks/20/enabled = true
tracks/20/path = NodePath("m_armature_full_002/Skeleton3D:DEF_pointer_finger_01.R")
tracks/20/interp = 0
tracks/20/loop_wrap = true
tracks/20/keys = PackedFloat32Array(0, 1, 0.030939855, 0.07174505, -0.00058654195)
tracks/21/type = "rotation_3d"
tracks/21/imported = true
tracks/21/enabled = true
tracks/21/path = NodePath("m_armature_full_002/Skeleton3D:DEF_pointer_finger_01.R")
tracks/21/interp = 0
tracks/21/loop_wrap = true
tracks/21/keys = PackedFloat32Array(0, 1, -0.02713087, -0.7123988, 0.09476902, 0.694817)
tracks/22/type = "rotation_3d"
tracks/22/imported = true
tracks/22/enabled = true
tracks/22/path = NodePath("m_armature_full_002/Skeleton3D:DEF_pointer_finger_02.R")
tracks/22/interp = 0
tracks/22/loop_wrap = true
tracks/22/keys = PackedFloat32Array(0, 1, 0.21744959, -0.016596403, 0.5752634, 0.78836054)
tracks/23/type = "rotation_3d"
tracks/23/imported = true
tracks/23/enabled = true
tracks/23/path = NodePath("m_armature_full_002/Skeleton3D:DEF_pointer_finger_03.R")
tracks/23/interp = 0
tracks/23/loop_wrap = true
tracks/23/keys = PackedFloat32Array(0, 1, 0.20447534, -0.0071383263, 0.54957354, 0.81000483)
tracks/24/type = "position_3d"
tracks/24/imported = true
tracks/24/enabled = true
tracks/24/path = NodePath("m_armature_full_002/Skeleton3D:DEF_index_finger_01.R")
tracks/24/interp = 0
tracks/24/loop_wrap = true
tracks/24/keys = PackedFloat32Array(0, 1, -0.010548553, 0.074668124, 0.0024826662)
tracks/25/type = "rotation_3d"
tracks/25/imported = true
tracks/25/enabled = true
tracks/25/path = NodePath("m_armature_full_002/Skeleton3D:DEF_index_finger_01.R")
tracks/25/interp = 0
tracks/25/loop_wrap = true
tracks/25/keys = PackedFloat32Array(0, 1, -0.09765106, -0.6183207, 0.36526904, 0.68900096)
tracks/26/type = "rotation_3d"
tracks/26/imported = true
tracks/26/enabled = true
tracks/26/path = NodePath("m_armature_full_002/Skeleton3D:DEF_index_finger_02.R")
tracks/26/interp = 0
tracks/26/loop_wrap = true
tracks/26/keys = PackedFloat32Array(0, 1, -0.16042577, -0.011687876, 0.59065527, 0.79072964)
tracks/27/type = "rotation_3d"
tracks/27/imported = true
tracks/27/enabled = true
tracks/27/path = NodePath("m_armature_full_002/Skeleton3D:DEF_index_finger_03.R")
tracks/27/interp = 0
tracks/27/loop_wrap = true
tracks/27/keys = PackedFloat32Array(0, 1, -0.061985455, -0.011254692, 0.44431776, 0.8936514)
tracks/28/type = "position_3d"
tracks/28/imported = true
tracks/28/enabled = true
tracks/28/path = NodePath("m_armature_full_002/Skeleton3D:DEF_small_finger_01.R")
tracks/28/interp = 0
tracks/28/loop_wrap = true
tracks/28/keys = PackedFloat32Array(0, 1, -0.029743368, 0.06400247, 0.002726271)
tracks/29/type = "rotation_3d"
tracks/29/imported = true
tracks/29/enabled = true
tracks/29/path = NodePath("m_armature_full_002/Skeleton3D:DEF_small_finger_01.R")
tracks/29/interp = 0
tracks/29/loop_wrap = true
tracks/29/keys = PackedFloat32Array(0, 1, -0.06709717, -0.7087236, 0.40985638, 0.57028633)
tracks/30/type = "rotation_3d"
tracks/30/imported = true
tracks/30/enabled = true
tracks/30/path = NodePath("m_armature_full_002/Skeleton3D:DEF_small_finger_02.R")
tracks/30/interp = 0
tracks/30/loop_wrap = true
tracks/30/keys = PackedFloat32Array(0, 1, -0.020264227, 0.033508282, 0.6345206, 0.77191335)
tracks/31/type = "rotation_3d"
tracks/31/imported = true
tracks/31/enabled = true
tracks/31/path = NodePath("m_armature_full_002/Skeleton3D:DEF_small_finger_03.R")
tracks/31/interp = 0
tracks/31/loop_wrap = true
tracks/31/keys = PackedFloat32Array(0, 1, -0.040413808, 0.0018609838, 0.29667866, 0.95412004)
tracks/32/type = "rotation_3d"
tracks/32/imported = true
tracks/32/enabled = true
tracks/32/path = NodePath("m_armature_full_002/Skeleton3D:DEF_thumb_01.R")
tracks/32/interp = 0
tracks/32/loop_wrap = true
tracks/32/keys = PackedFloat32Array(0, 1, 0.295234, -0.8102809, -0.41460198, 0.29049435)
tracks/33/type = "rotation_3d"
tracks/33/imported = true
tracks/33/enabled = true
tracks/33/path = NodePath("m_armature_full_002/Skeleton3D:DEF_thumb_02.R")
tracks/33/interp = 0
tracks/33/loop_wrap = true
tracks/33/keys = PackedFloat32Array(0, 1, -0.22306658, 0.069759324, 0.3507914, 0.9068188)
tracks/34/type = "rotation_3d"
tracks/34/imported = true
tracks/34/enabled = true
tracks/34/path = NodePath("m_armature_full_002/Skeleton3D:DEF_thumb_03.R")
tracks/34/interp = 0
tracks/34/loop_wrap = true
tracks/34/keys = PackedFloat32Array(0, 1, -0.07288397, -0.20147453, 0.22550987, 0.95039004)
tracks/35/type = "rotation_3d"
tracks/35/imported = true
tracks/35/enabled = true
tracks/35/path = NodePath("m_armature_full_002/Skeleton3D:DEF_clavical.L")
tracks/35/interp = 0
tracks/35/loop_wrap = true
tracks/35/keys = PackedFloat32Array(0, 1, -4.323945e-08, 5.736584e-08, 0.6661499, 0.74581796)
tracks/36/type = "rotation_3d"
tracks/36/imported = true
tracks/36/enabled = true
tracks/36/path = NodePath("m_armature_full_002/Skeleton3D:DEF_arm_upper.L")
tracks/36/interp = 0
tracks/36/loop_wrap = true
tracks/36/keys = PackedFloat32Array(0, 1, 0.19450048, -0.6797513, 0.2272839, 0.6696639)
tracks/37/type = "rotation_3d"
tracks/37/imported = true
tracks/37/enabled = true
tracks/37/path = NodePath("m_armature_full_002/Skeleton3D:DEF_arm_lower.L")
tracks/37/interp = 0
tracks/37/loop_wrap = true
tracks/37/keys = PackedFloat32Array(0, 1, -4.0753756e-07, 0.09108, -0.0486962, 0.9946523)
tracks/38/type = "rotation_3d"
tracks/38/imported = true
tracks/38/enabled = true
tracks/38/path = NodePath("m_armature_full_002/Skeleton3D:DEF_hand.L")
tracks/38/interp = 0
tracks/38/loop_wrap = true
tracks/38/keys = PackedFloat32Array(0, 1, 0.025149671, 0.9951417, 0.0332675, 0.0891843)
tracks/39/type = "position_3d"
tracks/39/imported = true
tracks/39/enabled = true
tracks/39/path = NodePath("m_armature_full_002/Skeleton3D:DEF_middle_finger_01.L")
tracks/39/interp = 0
tracks/39/loop_wrap = true
tracks/39/keys = PackedFloat32Array(0, 1, -0.00853656, 0.076881915, -0.00014159796)
tracks/40/type = "rotation_3d"
tracks/40/imported = true
tracks/40/enabled = true
tracks/40/path = NodePath("m_armature_full_002/Skeleton3D:DEF_middle_finger_01.L")
tracks/40/interp = 0
tracks/40/loop_wrap = true
tracks/40/keys = PackedFloat32Array(0, 1, -0.10559839, 0.7051148, -0.05330828, 0.69915694)
tracks/41/type = "rotation_3d"
tracks/41/imported = true
tracks/41/enabled = true
tracks/41/path = NodePath("m_armature_full_002/Skeleton3D:DEF_middle_finger_02.L")
tracks/41/interp = 0
tracks/41/loop_wrap = true
tracks/41/keys = PackedFloat32Array(0, 1, 0.04345968, 0.016992964, -0.13803868, 0.98932695)
tracks/42/type = "rotation_3d"
tracks/42/imported = true
tracks/42/enabled = true
tracks/42/path = NodePath("m_armature_full_002/Skeleton3D:DEF_middle_finger_03.L")
tracks/42/interp = 0
tracks/42/loop_wrap = true
tracks/42/keys = PackedFloat32Array(0, 1, -0.010019597, 0.0020487984, -0.024111766, 0.999657)
tracks/43/type = "position_3d"
tracks/43/imported = true
tracks/43/enabled = true
tracks/43/path = NodePath("m_armature_full_002/Skeleton3D:DEF_pointer_finger_01.L")
tracks/43/interp = 0
tracks/43/loop_wrap = true
tracks/43/keys = PackedFloat32Array(0, 1, -0.030854397, 0.07182826, -0.00068209454)
tracks/44/type = "rotation_3d"
tracks/44/imported = true
tracks/44/enabled = true
tracks/44/path = NodePath("m_armature_full_002/Skeleton3D:DEF_pointer_finger_01.L")
tracks/44/interp = 0
tracks/44/loop_wrap = true
tracks/44/keys = PackedFloat32Array(0, 1, -0.18398954, 0.68034506, -0.004826634, 0.7094049)
tracks/45/type = "rotation_3d"
tracks/45/imported = true
tracks/45/enabled = true
tracks/45/path = NodePath("m_armature_full_002/Skeleton3D:DEF_pointer_finger_02.L")
tracks/45/interp = 0
tracks/45/loop_wrap = true
tracks/45/keys = PackedFloat32Array(0, 1, 0.04091537, 0.027110543, -0.09643221, 0.99412876)
tracks/46/type = "rotation_3d"
tracks/46/imported = true
tracks/46/enabled = true
tracks/46/path = NodePath("m_armature_full_002/Skeleton3D:DEF_pointer_finger_03.L")
tracks/46/interp = 0
tracks/46/loop_wrap = true
tracks/46/keys = PackedFloat32Array(0, 1, 0.017740333, 0.013893861, -0.06313208, 0.9977508)
tracks/47/type = "position_3d"
tracks/47/imported = true
tracks/47/enabled = true
tracks/47/path = NodePath("m_armature_full_002/Skeleton3D:DEF_index_finger_01.L")
tracks/47/interp = 0
tracks/47/loop_wrap = true
tracks/47/keys = PackedFloat32Array(0, 1, 0.010633984, 0.074751295, 0.0023870096)
tracks/48/type = "rotation_3d"
tracks/48/imported = true
tracks/48/enabled = true
tracks/48/path = NodePath("m_armature_full_002/Skeleton3D:DEF_index_finger_01.L")
tracks/48/interp = 0
tracks/48/loop_wrap = true
tracks/48/keys = PackedFloat32Array(0, 1, -0.02070653, 0.73112464, -0.1407679, 0.6672424)
tracks/49/type = "rotation_3d"
tracks/49/imported = true
tracks/49/enabled = true
tracks/49/path = NodePath("m_armature_full_002/Skeleton3D:DEF_index_finger_02.L")
tracks/49/interp = 0
tracks/49/loop_wrap = true
tracks/49/keys = PackedFloat32Array(0, 1, -0.053379606, 0.0019344784, -0.15750685, 0.98607236)
tracks/50/type = "rotation_3d"
tracks/50/imported = true
tracks/50/enabled = true
tracks/50/path = NodePath("m_armature_full_002/Skeleton3D:DEF_index_finger_03.L")
tracks/50/interp = 0
tracks/50/loop_wrap = true
tracks/50/keys = PackedFloat32Array(0, 1, 0.009499098, 0.0028762578, -0.052086547, 0.9985933)
tracks/51/type = "position_3d"
tracks/51/imported = true
tracks/51/enabled = true
tracks/51/path = NodePath("m_armature_full_002/Skeleton3D:DEF_small_finger_01.L")
tracks/51/interp = 0
tracks/51/loop_wrap = true
tracks/51/keys = PackedFloat32Array(0, 1, 0.029828861, 0.06408577, 0.0026306806)
tracks/52/type = "rotation_3d"
tracks/52/imported = true
tracks/52/enabled = true
tracks/52/path = NodePath("m_armature_full_002/Skeleton3D:DEF_small_finger_01.L")
tracks/52/interp = 0
tracks/52/loop_wrap = true
tracks/52/keys = PackedFloat32Array(0, 1, 0.049150422, 0.6916563, -0.13456683, 0.7078754)
tracks/53/type = "rotation_3d"
tracks/53/imported = true
tracks/53/enabled = true
tracks/53/path = NodePath("m_armature_full_002/Skeleton3D:DEF_small_finger_02.L")
tracks/53/interp = 0
tracks/53/loop_wrap = true
tracks/53/keys = PackedFloat32Array(0, 1, -0.0041379323, -0.037649672, -0.23194927, 0.9719902)
tracks/54/type = "rotation_3d"
tracks/54/imported = true
tracks/54/enabled = true
tracks/54/path = NodePath("m_armature_full_002/Skeleton3D:DEF_small_finger_03.L")
tracks/54/interp = 0
tracks/54/loop_wrap = true
tracks/54/keys = PackedFloat32Array(0, 1, -0.007789673, 0.0011160866, 0.0071999626, 0.99994314)
tracks/55/type = "rotation_3d"
tracks/55/imported = true
tracks/55/enabled = true
tracks/55/path = NodePath("m_armature_full_002/Skeleton3D:DEF_thumb_01.L")
tracks/55/interp = 0
tracks/55/loop_wrap = true
tracks/55/keys = PackedFloat32Array(0, 1, 0.5554065, 0.79468876, 0.14845508, 0.19481914)
tracks/56/type = "rotation_3d"
tracks/56/imported = true
tracks/56/enabled = true
tracks/56/path = NodePath("m_armature_full_002/Skeleton3D:DEF_thumb_02.L")
tracks/56/interp = 0
tracks/56/loop_wrap = true
tracks/56/keys = PackedFloat32Array(0, 1, -0.01089743, 0.18535925, -0.30872113, 0.93285286)
tracks/57/type = "rotation_3d"
tracks/57/imported = true
tracks/57/enabled = true
tracks/57/path = NodePath("m_armature_full_002/Skeleton3D:DEF_thumb_03.L")
tracks/57/interp = 0
tracks/57/loop_wrap = true
tracks/57/keys = PackedFloat32Array(0, 1, -0.06921264, 0.20206241, -0.21415031, 0.9531632)
tracks/58/type = "rotation_3d"
tracks/58/imported = true
tracks/58/enabled = true
tracks/58/path = NodePath("m_armature_full_002/Skeleton3D:DEF_leg_upper.R")
tracks/58/interp = 0
tracks/58/loop_wrap = true
tracks/58/keys = PackedFloat32Array(0, 1, 0.7055143, 0.0018305762, 0.7086378, 0.008874327)
tracks/59/type = "rotation_3d"
tracks/59/imported = true
tracks/59/enabled = true
tracks/59/path = NodePath("m_armature_full_002/Skeleton3D:DEF_leg_lower.R")
tracks/59/interp = 0
tracks/59/loop_wrap = true
tracks/59/keys = PackedFloat32Array(0, 1, 0.0049679927, 0.004885312, 0.015983123, 0.999848)
tracks/60/type = "rotation_3d"
tracks/60/imported = true
tracks/60/enabled = true
tracks/60/path = NodePath("m_armature_full_002/Skeleton3D:DEF_foot.R")
tracks/60/interp = 0
tracks/60/loop_wrap = true
tracks/60/keys = PackedFloat32Array(0, 1, 0.7129887, 0.7011393, 0.005003034, 0.005088043)
tracks/61/type = "rotation_3d"
tracks/61/imported = true
tracks/61/enabled = true
tracks/61/path = NodePath("m_armature_full_002/Skeleton3D:DEF_leg_upper.L")
tracks/61/interp = 0
tracks/61/loop_wrap = true
tracks/61/keys = PackedFloat32Array(0, 1, 0.7055142, -0.0018305753, -0.7086379, 0.008874327)
tracks/62/type = "rotation_3d"
tracks/62/imported = true
tracks/62/enabled = true
tracks/62/path = NodePath("m_armature_full_002/Skeleton3D:DEF_leg_lower.L")
tracks/62/interp = 0
tracks/62/loop_wrap = true
tracks/62/keys = PackedFloat32Array(0, 1, 0.0049679936, -0.004885312, -0.015983123, 0.999848)
tracks/63/type = "rotation_3d"
tracks/63/imported = true
tracks/63/enabled = true
tracks/63/path = NodePath("m_armature_full_002/Skeleton3D:DEF_foot.L")
tracks/63/interp = 0
tracks/63/loop_wrap = true
tracks/63/keys = PackedFloat32Array(0, 1, 0.7129887, -0.7011393, -0.0050030653, 0.005088075)

[sub_resource type="Animation" id="Animation_shrtp"]
resource_name = "Draw_Finished_Pose"
length = 0.041666668
tracks/0/type = "position_3d"
tracks/0/imported = true
tracks/0/enabled = true
tracks/0/path = NodePath("m_armature_full_002/Skeleton3D:DEF_slot01")
tracks/0/interp = 1
tracks/0/loop_wrap = true
tracks/0/keys = PackedFloat32Array(0, 1, 0.156438, 0.81258863, -0.01650659)
tracks/1/type = "rotation_3d"
tracks/1/imported = true
tracks/1/enabled = true
tracks/1/path = NodePath("m_armature_full_002/Skeleton3D:DEF_slot01")
tracks/1/interp = 1
tracks/1/loop_wrap = true
tracks/1/keys = PackedFloat32Array(0, 1, 0.29604682, -0.53649884, -0.32450745, 0.72056943)
tracks/2/type = "position_3d"
tracks/2/imported = true
tracks/2/enabled = true
tracks/2/path = NodePath("m_armature_full_002/Skeleton3D:DEF_slot02")
tracks/2/interp = 1
tracks/2/loop_wrap = true
tracks/2/keys = PackedFloat32Array(0, 1, -0.12695159, 1.234044, 0.9293513)
tracks/3/type = "rotation_3d"
tracks/3/imported = true
tracks/3/enabled = true
tracks/3/path = NodePath("m_armature_full_002/Skeleton3D:DEF_slot02")
tracks/3/interp = 1
tracks/3/loop_wrap = true
tracks/3/keys = PackedFloat32Array(0, 1, -0.455426, 0.51275563, -0.57912004, 0.4407822)
tracks/4/type = "position_3d"
tracks/4/imported = true
tracks/4/enabled = true
tracks/4/path = NodePath("m_armature_full_002/Skeleton3D:DEF_pelvis")
tracks/4/interp = 0
tracks/4/loop_wrap = true
tracks/4/keys = PackedFloat32Array(0, 1, -0.011197079, 0.6574387, -0.014256563)
tracks/5/type = "rotation_3d"
tracks/5/imported = true
tracks/5/enabled = true
tracks/5/path = NodePath("m_armature_full_002/Skeleton3D:DEF_pelvis")
tracks/5/interp = 0
tracks/5/loop_wrap = true
tracks/5/keys = PackedFloat32Array(0, 1, 0.11163009, 0.36823756, -0.030067958, 0.922516)
tracks/6/type = "rotation_3d"
tracks/6/imported = true
tracks/6/enabled = true
tracks/6/path = NodePath("m_armature_full_002/Skeleton3D:DEF_torso")
tracks/6/interp = 0
tracks/6/loop_wrap = true
tracks/6/keys = PackedFloat32Array(0, 1, 0.102939226, 0.0008421658, 0.09953978, 0.9896943)
tracks/7/type = "rotation_3d"
tracks/7/imported = true
tracks/7/enabled = true
tracks/7/path = NodePath("m_armature_full_002/Skeleton3D:DEF_chest")
tracks/7/interp = 0
tracks/7/loop_wrap = true
tracks/7/keys = PackedFloat32Array(0, 1, -0.10420487, -0.00084173266, -0.10076359, 0.9894379)
tracks/8/type = "rotation_3d"
tracks/8/imported = true
tracks/8/enabled = true
tracks/8/path = NodePath("m_armature_full_002/Skeleton3D:DEF_head")
tracks/8/interp = 0
tracks/8/loop_wrap = true
tracks/8/keys = PackedFloat32Array(0, 1, -0.28671843, 0.74811554, 0.5252697, 0.28671858)
tracks/9/type = "rotation_3d"
tracks/9/imported = true
tracks/9/enabled = true
tracks/9/path = NodePath("m_armature_full_002/Skeleton3D:DEF_jaw")
tracks/9/interp = 0
tracks/9/loop_wrap = true
tracks/9/keys = PackedFloat32Array(0, 1, -2.0755529e-10, -0.98591065, 0.16727303, 7.488709e-08)
tracks/10/type = "rotation_3d"
tracks/10/imported = true
tracks/10/enabled = true
tracks/10/path = NodePath("m_armature_full_002/Skeleton3D:DEF_eye.R")
tracks/10/interp = 0
tracks/10/loop_wrap = true
tracks/10/keys = PackedFloat32Array(0, 1, -0.024775485, 4.5727035e-08, -0.015398718, 0.99957454)
tracks/11/type = "rotation_3d"
tracks/11/imported = true
tracks/11/enabled = true
tracks/11/path = NodePath("m_armature_full_002/Skeleton3D:DEF_eye.L")
tracks/11/interp = 0
tracks/11/loop_wrap = true
tracks/11/keys = PackedFloat32Array(0, 1, -0.0247755, 4.6571408e-08, 0.015398613, 0.99957454)
tracks/12/type = "rotation_3d"
tracks/12/imported = true
tracks/12/enabled = true
tracks/12/path = NodePath("m_armature_full_002/Skeleton3D:DEF_clavical.R")
tracks/12/interp = 0
tracks/12/loop_wrap = true
tracks/12/keys = PackedFloat32Array(0, 1, -0.0060937516, -0.0020253484, -0.72292453, 0.6908972)
tracks/13/type = "rotation_3d"
tracks/13/imported = true
tracks/13/enabled = true
tracks/13/path = NodePath("m_armature_full_002/Skeleton3D:DEF_arm_upper.R")
tracks/13/interp = 0
tracks/13/loop_wrap = true
tracks/13/keys = PackedFloat32Array(0, 1, 0.19611274, 0.792661, -0.54799753, 0.18145801)
tracks/14/type = "rotation_3d"
tracks/14/imported = true
tracks/14/enabled = true
tracks/14/path = NodePath("m_armature_full_002/Skeleton3D:DEF_arm_lower.R")
tracks/14/interp = 0
tracks/14/loop_wrap = true
tracks/14/keys = PackedFloat32Array(0, 1, -0.06721231, -0.06146602, 0.7668616, 0.635317)
tracks/15/type = "rotation_3d"
tracks/15/imported = true
tracks/15/enabled = true
tracks/15/path = NodePath("m_armature_full_002/Skeleton3D:DEF_hand.R")
tracks/15/interp = 0
tracks/15/loop_wrap = true
tracks/15/keys = PackedFloat32Array(0, 1, 0.062222674, -0.99106675, -0.079075664, 0.08753359)
tracks/16/type = "position_3d"
tracks/16/imported = true
tracks/16/enabled = true
tracks/16/path = NodePath("m_armature_full_002/Skeleton3D:DEF_middle_finger_01.R")
tracks/16/interp = 0
tracks/16/loop_wrap = true
tracks/16/keys = PackedFloat32Array(0, 1, 0.008250348, 0.07645429, -0.00019695808)
tracks/17/type = "rotation_3d"
tracks/17/imported = true
tracks/17/enabled = true
tracks/17/path = NodePath("m_armature_full_002/Skeleton3D:DEF_middle_finger_01.R")
tracks/17/interp = 0
tracks/17/loop_wrap = true
tracks/17/keys = PackedFloat32Array(0, 1, -0.06464428, -0.7165137, 0.16222516, 0.67536086)
tracks/18/type = "rotation_3d"
tracks/18/imported = true
tracks/18/enabled = true
tracks/18/path = NodePath("m_armature_full_002/Skeleton3D:DEF_middle_finger_02.R")
tracks/18/interp = 0
tracks/18/loop_wrap = true
tracks/18/keys = PackedFloat32Array(0, 1, 0.17444167, -0.0022080885, 0.6769324, 0.71507186)
tracks/19/type = "rotation_3d"
tracks/19/imported = true
tracks/19/enabled = true
tracks/19/path = NodePath("m_armature_full_002/Skeleton3D:DEF_middle_finger_03.R")
tracks/19/interp = 0
tracks/19/loop_wrap = true
tracks/19/keys = PackedFloat32Array(0, 1, 0.078990944, 0.0067068567, 0.47207618, 0.87798613)
tracks/20/type = "position_3d"
tracks/20/imported = true
tracks/20/enabled = true
tracks/20/path = NodePath("m_armature_full_002/Skeleton3D:DEF_pointer_finger_01.R")
tracks/20/interp = 0
tracks/20/loop_wrap = true
tracks/20/keys = PackedFloat32Array(0, 1, 0.030568177, 0.07140056, -0.0007374994)
tracks/21/type = "rotation_3d"
tracks/21/imported = true
tracks/21/enabled = true
tracks/21/path = NodePath("m_armature_full_002/Skeleton3D:DEF_pointer_finger_01.R")
tracks/21/interp = 0
tracks/21/loop_wrap = true
tracks/21/keys = PackedFloat32Array(0, 1, -0.027170463, -0.71243924, 0.094651885, 0.69479)
tracks/22/type = "rotation_3d"
tracks/22/imported = true
tracks/22/enabled = true
